%YAML:1.0
---
cameras:
  - id: 0
    K: !!opencv-matrix
      rows: 3
      cols: 3
      dt: d
      data: [1075.751677148647, 0.0, 687.2393456975054, 0.0, 1069.9848915093464, 454.0631573003718, 0.0, 0.0, 1.0]
    D: !!opencv-matrix
      rows: 1
      cols: 5
      dt: d
      data: [-0.03877095022971271, 0.11099579080115149, 0.0030827468832727873, 0.0027705812893119887, 0.0]
  - id: 2
    K: !!opencv-matrix
      rows: 3
      cols: 3
      dt: d
      data: [1075.751677148647, 0.0, 687.2393456975054, 0.0, 1069.9848915093464, 454.0631573003718, 0.0, 0.0, 1.0]
    D: !!opencv-matrix
      rows: 1
      cols: 5
      dt: d
      data: [-0.03877095022971271, 0.11099579080115149, 0.0030827468832727873, 0.0027705812893119887, 0.0]

boards:
  - id: 0
    X: 8
    Y: 11
    square_size: 0.011
  - id: 1
    X: 8
    Y: 10
    square_size: 0.011
  - id: 2
    X: 7
    Y: 8
    square_size: 0.011
  - id: 3
    X: 8
    Y: 8
    square_size: 0.011
  - id: 5
    X: 4
    Y: 7
    square_size: 0.015

#板子id是第几个，相机id是相机端口id，两个不一样，注意区分